8.600000000000000000e+01
1.580000000000000000e+02
1.030000000000000000e+02
-4.900000000000000000e+01
-7.000000000000000000e+01
1.700000000000000000e+01
1.830000000000000000e+02
1.100000000000000000e+01
-8.500000000000000000e+01
9.900000000000000000e+01
1.490000000000000000e+02
1.800000000000000000e+01
-1.700000000000000000e+01
2.100000000000000000e+01
-1.570000000000000000e+02
1.060000000000000000e+02
8.800000000000000000e+01
2.500000000000000000e+01
-5.200000000000000000e+01
-1.580000000000000000e+02
-1.000000000000000000e+00
-8.600000000000000000e+01
-1.300000000000000000e+01
1.070000000000000000e+02
-1.050000000000000000e+02
-1.360000000000000000e+02
6.500000000000000000e+01
3.000000000000000000e+01
-1.010000000000000000e+02
-7.400000000000000000e+01
-3.500000000000000000e+01
7.500000000000000000e+01
-4.100000000000000000e+01
4.900000000000000000e+01
1.500946352969992148e+01
5.348000000000000000e+03
